     precision    recall  f1-score   support

           A       1.00      1.00      1.00        80
           B       1.00      1.00      1.00        59
           C       1.00      1.00      1.00        59
           D       1.00      1.00      1.00        80
           E       1.00      1.00      1.00        82
           F       1.00      1.00      1.00        57
           G       1.00      1.00      1.00        67
           H       1.00      1.00      1.00        62
           I       1.00      1.00      1.00        64
           J       1.00      1.00      1.00        70
           K       1.00      1.00      1.00        54
           L       1.00      1.00      1.00        54
           M       1.00      1.00      1.00        76
           N       1.00      1.00      1.00        56
           O       1.00      0.99      0.99        68
           P       0.98      1.00      0.99        59
           Q       1.00      0.99      0.99        76
           R       1.00      1.00      1.00        63
           S       1.00      1.00      1.00        75
           T       0.99      1.00      0.99        81
           U       1.00      1.00      1.00        74
           V       1.00      1.00      1.00        61
           W       1.00      1.00      1.00        67
           X       1.00      1.00      1.00        66
           Y       1.00      1.00      1.00        59
           Z       1.00      1.00      1.00        74

    accuracy                           1.00      1743
   macro avg       1.00      1.00      1.00      1743
weighted avg       1.00      1.00      1.00      1743